0/51
eigenvalues = 0	0	
1/51
eigenvalues = 2	0	
2/51
eigenvalues = 0	0	0	
3/51
eigenvalues = 2	0	0	
4/51
eigenvalues = 3	1	0	
5/51
eigenvalues = 3	3	0	
6/51
eigenvalues = 0	0	0	0	
7/51
eigenvalues = 2	0	0	0	
8/51
eigenvalues = 3	1	0	0	
9/51
eigenvalues = 4	1	1	0	
10/51
eigenvalues = 2	2	0	0	
11/51
eigenvalues = 3.41421	2	0.585786	0	
12/51
eigenvalues = 3	3	0	0	
13/51
eigenvalues = 4	3	1	0	
14/51
eigenvalues = 4	2	2	0	
15/51
eigenvalues = 4	4	2	0	
16/51
eigenvalues = 4	4	4	0	
17/51
eigenvalues = 0	0	0	0	0	
18/51
eigenvalues = 2	0	0	0	0	
19/51
eigenvalues = 3	1	0	0	0	
20/51
eigenvalues = 4	1	1	0	0	
21/51
eigenvalues = 5	1	1	1	0	
22/51
eigenvalues = 2	2	0	0	0	
23/51
eigenvalues = 3.41421	2	0.585786	0	0	
24/51
eigenvalues = 3	2	1	0	0	
25/51
eigenvalues = 3	3	0	0	0	
26/51
eigenvalues = 4.17009	2.31111	1	0.518806	0	
27/51
eigenvalues = 4	3	1	0	0	
28/51
eigenvalues = 5	3	1	1	0	
29/51
eigenvalues = 4	2	2	0	0	
30/51
eigenvalues = 4.48119	2.68889	2	0.829914	0	
31/51
eigenvalues = 4	4	2	0	0	
32/51
eigenvalues = 4.30278	3.61803	1.38197	0.697224	0	
33/51
eigenvalues = 5	4	2	1	0	
34/51
eigenvalues = 5	3	2	2	0	
35/51
eigenvalues = 5	5	2	2	0	
36/51
eigenvalues = 3.61803	2.61803	1.38197	0.381966	0	
37/51
eigenvalues = 3	3	2	0	0	
38/51
eigenvalues = 4.17009	3	2.31111	0.518806	0	
39/51
eigenvalues = 5	3	3	1	0	
40/51
eigenvalues = 3.61803	3.61803	1.38197	1.38197	0	
41/51
eigenvalues = 4.61803	3.61803	2.38197	1.38197	0	
42/51
eigenvalues = 5	4.41421	3	1.58579	0	
43/51
eigenvalues = 4.48119	4	2.68889	0.829914	0	
44/51
eigenvalues = 4	4	4	0	0	
45/51
eigenvalues = 5	4	4	1	0	
46/51
eigenvalues = 5	5	4	2	0	
47/51
eigenvalues = 5	4	3	2	0	
48/51
eigenvalues = 5	5	3	3	0	
49/51
eigenvalues = 5	5	5	3	0	
50/51
eigenvalues = 5	5	5	5	0	
0	2	0	2	3.162	4.243	0	2	3.162	4.123	2.828	3.957	4.243	5	4.472	5.657	5.657	0	2	3.162	4.123	5.099	2.828	3.957	3.606	4.243	4.768	5	5.831	4.472	5.226	5.657	5.622	6.403	5.831	7.071	4.466	4.243	5.137	5.831	5.117	5.867	6.67	6.007	5.657	6.403	7.071	6.403	7.071	7.071	7.071
2	0	2	0	1.414	3.162	2	0	1.414	2.236	2	2.449	3.162	3.606	2.828	4.472	4.472	2	0	1.414	2.236	3.162	2	2.449	2.236	3.162	3.17	3.606	4.243	2.828	3.659	4.472	4.289	5	4.243	5.831	3.078	3.162	3.703	4.243	3.963	4.466	5.337	4.707	4.472	5	5.831	5	5.831	5.831	5.831
0	2	0	2	3.162	4.243	0	2	3.162	4.243	2.828	4	4.243	5.099	4.899	6	6.928	0	2	3.162	4.243	5.196	2.828	4	3.742	4.243	4.871	5.099	5.916	4.899	5.596	6	5.789	6.708	6.164	7.348	4.675	4.69	5.633	6.557	5.3	6.332	7.313	6.581	6.928	7.55	8.124	7.071	7.681	8.66	8.66
2	0	2	0	1.414	3.162	2	0	1.414	2.449	2	2.519	3.162	3.742	3.464	4.899	6	2	0	1.414	2.449	3.317	2	2.519	2.449	3.162	3.324	3.742	4.359	3.464	4.17	4.899	4.506	5.385	4.69	6.164	3.374	3.742	4.365	5.196	4.197	5.061	6.123	5.421	6	6.403	7.071	5.831	6.557	7.681	7.681
3.162	1.414	3.162	1.414	0	2	3.162	1.414	0	1.414	1.414	1.231	2	2.449	2.449	3.742	5.099	3.162	1.414	0	1.414	2.236	1.414	1.231	1.414	2	2.022	2.449	3	2.449	3.008	3.742	3.234	4.123	3.464	4.899	2.216	2.828	3.273	4.123	3.024	3.892	4.966	4.292	5.099	5.385	6	4.69	5.385	6.708	6.708
4.243	3.162	4.243	3.162	2	0	4.243	3.162	2	2.449	1.414	1.231	0	1.414	2.449	2.449	4.243	4.243	3.162	2	2.449	3	1.414	1.231	1.414	8.882e-16	1.686	1.414	2.236	2.449	2.508	2.449	1.997	3	2.828	3.464	1.561	2	2.59	3.606	1.635	2.945	3.873	3.229	4.243	4.583	4.899	3.742	4.123	5.745	5.745
0	2	0	2	3.162	4.243	0	2	3.162	4.243	2.828	4	4.243	5.099	4.899	6	6.928	0	2	3.162	4.243	5.292	2.828	4	3.742	4.243	4.899	5.099	6	4.899	5.657	6	5.831	6.782	6.481	7.616	4.69	4.69	5.657	6.633	5.477	6.481	7.483	6.633	6.928	7.616	8.367	7.348	8.246	9.165	10
2	0	2	0	1.414	3.162	2	0	1.414	2.449	2	2.519	3.162	3.742	3.464	4.899	6	2	0	1.414	2.449	3.464	2	2.519	2.449	3.162	3.364	3.742	4.472	3.464	4.251	4.899	4.559	5.477	5.099	6.481	3.395	3.742	4.395	5.292	4.419	5.247	6.325	5.484	6	6.481	7.348	6.164	7.211	8.246	9.165
3.162	1.414	3.162	1.414	0	2	3.162	1.414	0	1.414	1.414	1.231	2	2.449	2.449	3.742	5.099	3.162	1.414	0	1.414	2.449	1.414	1.231	1.414	2	2.087	2.449	3.162	2.449	3.12	3.742	3.309	4.243	4	5.292	2.248	2.828	3.314	4.243	3.325	4.13	5.213	4.372	5.099	5.477	6.325	5.099	6.164	7.348	8.367
4.123	2.236	4.243	2.449	1.414	2.449	4.243	2.449	1.414	0	2.449	1.231	2.449	2	1.414	3.162	4.243	4.243	2.449	1.414	0	1.414	2.449	1.231	1.414	2.449	1.42	2	2.449	1.414	2.185	3.162	2.753	3.464	3.162	4.69	1.748	2.449	2.453	3.162	3.009	3.325	4.379	3.574	4.243	4.472	5.477	4.243	5.477	6.481	7.616
2.828	2	2.828	2	1.414	1.414	2.828	2	1.414	2.449	0	1.531	1.414	2.449	2.828	3.464	4.899	2.828	2	1.414	2.449	3.464	0	1.531	1.414	1.414	2.465	2.449	3.464	2.828	3.364	3.464	3.212	4.243	4.243	5.099	2.248	2.449	3.364	4.472	3.009	4.13	5.133	4.251	4.899	5.477	6.164	5.099	6	7.211	8.246
3.957	2.449	4	2.519	1.231	1.231	4	2.519	1.231	1.231	1.531	0	1.231	1.231	1.531	2.519	4	4	2.519	1.231	1.231	2.165	1.531	4.441e-16	0.5858	1.231	1.053	1.231	2.165	1.531	2.074	2.519	2.128	3.085	3.085	4.185	1.097	1.781	2.195	3.216	2.281	3.034	4.085	3.202	4	4.379	5.213	4.043	5.133	6.325	7.483
4.243	3.162	4.243	3.162	2	0	4.243	3.162	2	2.449	1.414	1.231	0	1.414	2.449	2.449	4.243	4.243	3.162	2	2.449	3.162	1.414	1.231	1.414	8.882e-16	1.764	1.414	2.449	2.449	2.642	2.449	2.115	3.162	3.464	4	1.607	2	2.642	3.742	2.141	3.253	4.185	3.334	4.243	4.69	5.292	4.243	5.099	6.481	7.616
5	3.606	5.099	3.742	2.449	1.414	5.099	3.742	2.449	2	2.449	1.231	1.414	0	1.414	1.414	3.162	5.099	3.742	2.449	2	2.449	2.449	1.231	1.414	1.414	0.879	1.897e-15	1.414	1.414	1.42	1.414	1.052	2	2.449	3.162	0.7639	1.414	1.42	2.449	1.607	2.141	3.085	2.185	3.162	3.464	4.243	3.162	4.243	5.477	6.782
4.472	2.828	4.899	3.464	2.449	2.449	4.899	3.464	2.449	1.414	2.828	1.531	2.449	1.414	0	2	2.828	4.899	3.464	2.449	1.414	2	2.828	1.531	1.414	2.449	1.181	1.414	2	4.441e-16	1.181	2	1.892	2.449	2.449	3.742	1.027	1.414	1.181	2	2.248	2.248	3.216	2.323	2.828	3.162	4.243	3.162	4.472	5.292	6.633
5.657	4.472	6	4.899	3.742	2.449	6	4.899	3.742	3.162	3.464	2.519	2.449	1.414	2	0	2	6	4.899	3.742	3.162	3.464	3.464	2.519	2.449	2.449	2.037	1.414	2	2	1.625	6.28e-16	1.052	1.414	2.449	2.449	1.607	1.414	1.181	2	1.607	1.607	2.165	1.181	2	2.449	3.162	2.449	3.464	4.472	6
5.657	4.472	6.928	6	5.099	4.243	6.928	6	5.099	4.243	4.899	4	4.243	3.162	2.828	2	0	6.928	6	5.099	4.243	4.472	4.899	4	3.742	4.243	3.486	3.162	3.464	2.828	2.577	2	2.753	2.449	3.162	3.162	3.009	2.449	2.037	2	3.009	2.248	2.165	1.625	8.882e-16	1.414	2.449	2.449	3.464	3.464	5.292
0	2	0	2	3.162	4.243	0	2	3.162	4.243	2.828	4	4.243	5.099	4.899	6	6.928	0	2	3.162	4.243	5.292	2.828	4	3.742	4.243	4.899	5.099	6	4.899	5.657	6	5.831	6.782	6.481	7.616	4.69	4.69	5.657	6.633	5.477	6.481	7.483	6.633	6.928	7.616	8.367	7.348	8.246	9.165	10
2	0	2	0	1.414	3.162	2	0	1.414	2.449	2	2.519	3.162	3.742	3.464	4.899	6	2	0	1.414	2.449	3.464	2	2.519	2.449	3.162	3.364	3.742	4.472	3.464	4.251	4.899	4.559	5.477	5.099	6.481	3.395	3.742	4.395	5.292	4.419	5.247	6.325	5.484	6	6.481	7.348	6.164	7.211	8.246	9.165
3.162	1.414	3.162	1.414	0	2	3.162	1.414	0	1.414	1.414	1.231	2	2.449	2.449	3.742	5.099	3.162	1.414	0	1.414	2.449	1.414	1.231	1.414	2	2.087	2.449	3.162	2.449	3.12	3.742	3.309	4.243	4	5.292	2.248	2.828	3.314	4.243	3.325	4.13	5.213	4.372	5.099	5.477	6.325	5.099	6.164	7.348	8.367
4.123	2.236	4.243	2.449	1.414	2.449	4.243	2.449	1.414	0	2.449	1.231	2.449	2	1.414	3.162	4.243	4.243	2.449	1.414	0	1.414	2.449	1.231	1.414	2.449	1.42	2	2.449	1.414	2.185	3.162	2.753	3.464	3.162	4.69	1.748	2.449	2.453	3.162	3.009	3.325	4.379	3.574	4.243	4.472	5.477	4.243	5.477	6.481	7.616
5.099	3.162	5.196	3.317	2.236	3	5.292	3.464	2.449	1.414	3.464	2.165	3.162	2.449	2	3.464	4.472	5.292	3.464	2.449	1.414	0	3.464	2.165	2.449	3.162	1.625	2.449	2	2	2.037	3.464	2.753	3.162	2.449	4.243	2.248	3.162	2.577	2.828	3.009	3.009	4	3.486	4.472	4.243	5.099	3.742	4.899	6	6.928
2.828	2	2.828	2	1.414	1.414	2.828	2	1.414	2.449	0	1.531	1.414	2.449	2.828	3.464	4.899	2.828	2	1.414	2.449	3.464	0	1.531	1.414	1.414	2.465	2.449	3.464	2.828	3.364	3.464	3.212	4.243	4.243	5.099	2.248	2.449	3.364	4.472	3.009	4.13	5.133	4.251	4.899	5.477	6.164	5.099	6	7.211	8.246
3.957	2.449	4	2.519	1.231	1.231	4	2.519	1.231	1.231	1.531	4.441e-16	1.231	1.231	1.531	2.519	4	4	2.519	1.231	1.231	2.165	1.531	0	0.5858	1.231	1.053	1.231	2.165	1.531	2.074	2.519	2.128	3.085	3.085	4.185	1.097	1.781	2.195	3.216	2.281	3.034	4.085	3.202	4	4.379	5.213	4.043	5.133	6.325	7.483
3.606	2.236	3.742	2.449	1.414	1.414	3.742	2.449	1.414	1.414	1.414	0.5858	1.414	1.414	1.414	2.449	3.742	3.742	2.449	1.414	1.414	2.449	1.414	0.5858	0	1.414	1.317	1.414	2.449	1.414	2.087	2.449	2.224	3.162	3.162	4.243	1.027	1.414	2.087	3.162	2.248	3.009	4.043	3.12	3.742	4.243	5.099	4	5.099	6.164	7.348
4.243	3.162	4.243	3.162	2	8.882e-16	4.243	3.162	2	2.449	1.414	1.231	8.882e-16	1.414	2.449	2.449	4.243	4.243	3.162	2	2.449	3.162	1.414	1.231	1.414	0	1.764	1.414	2.449	2.449	2.642	2.449	2.115	3.162	3.464	4	1.607	2	2.642	3.742	2.141	3.253	4.185	3.334	4.243	4.69	5.292	4.243	5.099	6.481	7.616
4.768	3.17	4.871	3.324	2.022	1.686	4.899	3.364	2.087	1.42	2.465	1.053	1.764	0.879	1.181	2.037	3.486	4.899	3.364	2.087	1.42	1.625	2.465	1.053	1.317	1.764	0	0.879	1.181	1.181	1.156	2.037	1.38	2.185	2.087	3.334	0.7507	1.764	1.481	2.323	1.704	2.136	3.202	2.429	3.486	3.574	4.372	3.12	4.251	5.484	6.633
5	3.606	5.099	3.742	2.449	1.414	5.099	3.742	2.449	2	2.449	1.231	1.414	1.897e-15	1.414	1.414	3.162	5.099	3.742	2.449	2	2.449	2.449	1.231	1.414	1.414	0.879	0	1.414	1.414	1.42	1.414	1.052	2	2.449	3.162	0.7639	1.414	1.42	2.449	1.607	2.141	3.085	2.185	3.162	3.464	4.243	3.162	4.243	5.477	6.782
5.831	4.243	5.916	4.359	3	2.236	6	4.472	3.162	2.449	3.464	2.165	2.449	1.414	2	2	3.464	6	4.472	3.162	2.449	2	3.464	2.165	2.449	2.449	1.181	1.414	0	2	1.181	2	1.052	1.414	1.414	2.449	1.607	2.449	1.625	2	1.607	1.607	2.519	2.037	3.464	3.162	3.742	2.449	3.464	4.899	6
4.472	2.828	4.899	3.464	2.449	2.449	4.899	3.464	2.449	1.414	2.828	1.531	2.449	1.414	4.441e-16	2	2.828	4.899	3.464	2.449	1.414	2	2.828	1.531	1.414	2.449	1.181	1.414	2	0	1.181	2	1.892	2.449	2.449	3.742	1.027	1.414	1.181	2	2.248	2.248	3.216	2.323	2.828	3.162	4.243	3.162	4.472	5.292	6.633
5.226	3.659	5.596	4.17	3.008	2.508	5.657	4.251	3.12	2.185	3.364	2.074	2.642	1.42	1.181	1.625	2.577	5.657	4.251	3.12	2.185	2.037	3.364	2.074	2.087	2.642	1.156	1.42	1.181	1.181	0	1.625	1.138	1.42	1.317	2.642	1.154	1.726	0.6222	1.181	1.515	1.154	2.195	1.481	2.577	2.453	3.314	2.087	3.364	4.395	5.657
5.657	4.472	6	4.899	3.742	2.449	6	4.899	3.742	3.162	3.464	2.519	2.449	1.414	2	6.28e-16	2	6	4.899	3.742	3.162	3.464	3.464	2.519	2.449	2.449	2.037	1.414	2	2	1.625	0	1.052	1.414	2.449	2.449	1.607	1.414	1.181	2	1.607	1.607	2.165	1.181	2	2.449	3.162	2.449	3.464	4.472	6
5.622	4.289	5.789	4.506	3.234	1.997	5.831	4.559	3.309	2.753	3.212	2.128	2.115	1.052	1.892	1.052	2.753	5.831	4.559	3.309	2.753	2.753	3.212	2.128	2.224	2.115	1.38	1.052	1.052	1.892	1.138	1.052	0	1.052	1.717	2.115	1.252	1.717	1.138	1.892	0.9684	1.252	2.128	1.38	2.753	2.753	3.309	2.224	3.212	4.559	5.831
6.403	5	6.708	5.385	4.123	3	6.782	5.477	4.243	3.464	4.243	3.085	3.162	2	2.449	1.414	2.449	6.782	5.477	4.243	3.464	3.162	4.243	3.085	3.162	3.162	2.185	2	1.414	2.449	1.42	1.414	1.052	0	1.414	1.414	2.141	2.449	1.42	1.414	1.607	0.7639	1.231	0.879	2.449	2	2.449	1.414	2.449	3.742	5.099
5.831	4.243	6.164	4.69	3.464	2.828	6.481	5.099	4	3.162	4.243	3.085	3.464	2.449	2.449	2.449	3.162	6.481	5.099	4	3.162	2.449	4.243	3.085	3.162	3.464	2.087	2.449	1.414	2.449	1.317	2.449	1.717	1.414	0	2	2.248	2.828	1.726	1.414	1.748	1.027	1.781	1.764	3.162	2.449	2.828	1.414	2.449	3.742	4.69
7.071	5.831	7.348	6.164	4.899	3.464	7.616	6.481	5.292	4.69	5.099	4.185	4	3.162	3.742	2.449	3.162	7.616	6.481	5.292	4.69	4.243	5.099	4.185	4.243	4	3.334	3.162	2.449	3.742	2.642	2.449	2.115	1.414	2	0	3.253	3.464	2.642	2.449	2.141	1.607	1.231	1.764	3.162	2.449	2	1.414	1.414	3.162	4.243
4.466	3.078	4.675	3.374	2.216	1.561	4.69	3.395	2.248	1.748	2.248	1.097	1.607	0.7639	1.027	1.607	3.009	4.69	3.395	2.248	1.748	2.248	2.248	1.097	1.027	1.607	0.7507	0.7639	1.607	1.027	1.154	1.607	1.252	2.141	2.248	3.253	0	1.027	1.154	2.248	1.414	2	3.034	2.136	3.009	3.325	4.13	3.009	4.13	5.247	6.481
4.243	3.162	4.69	3.742	2.828	2	4.69	3.742	2.828	2.449	2.449	1.781	2	1.414	1.414	1.414	2.449	4.69	3.742	2.828	2.449	3.162	2.449	1.781	1.414	2	1.764	1.414	2.449	1.414	1.726	1.414	1.717	2.449	2.828	3.464	1.027	0	1.317	2.449	1.748	2.248	3.085	2.087	2.449	3.162	4	3.162	4.243	5.099	6.481
5.137	3.703	5.633	4.365	3.273	2.59	5.657	4.395	3.314	2.453	3.364	2.195	2.642	1.42	1.181	1.181	2.037	5.657	4.395	3.314	2.453	2.577	3.364	2.195	2.087	2.642	1.481	1.42	1.625	1.181	0.6222	1.181	1.138	1.42	1.726	2.642	1.154	1.317	0	1.181	1.515	1.154	2.074	1.156	2.037	2.185	3.12	2.087	3.364	4.251	5.657
5.831	4.243	6.557	5.196	4.123	3.606	6.633	5.292	4.243	3.162	4.472	3.216	3.742	2.449	2	2	2	6.633	5.292	4.243	3.162	2.828	4.472	3.216	3.162	3.742	2.323	2.449	2	2	1.181	2	1.892	1.414	1.414	2.449	2.248	2.449	1.181	0	2.248	1.027	1.531	1.181	2	1.414	2.449	1.414	2.828	3.464	4.899
5.117	3.963	5.3	4.197	3.024	1.635	5.477	4.419	3.325	3.009	3.009	2.281	2.141	1.607	2.248	1.607	3.009	5.477	4.419	3.325	3.009	3.009	3.009	2.281	2.248	2.141	1.704	1.607	1.607	2.248	1.515	1.607	0.9684	1.607	1.748	2.141	1.414	1.748	1.515	2.248	0	1.414	2.281	1.704	3.009	3.009	3.325	2.248	3.009	4.419	5.477
5.867	4.466	6.332	5.061	3.892	2.945	6.481	5.247	4.13	3.325	4.13	3.034	3.253	2.141	2.248	1.607	2.248	6.481	5.247	4.13	3.325	3.009	4.13	3.034	3.009	3.253	2.136	2.141	1.607	2.248	1.154	1.607	1.252	0.7639	1.027	1.607	2	2.248	1.154	1.027	1.414	0	1.097	0.7507	2.248	1.748	2.248	1.027	2.248	3.395	4.69
6.67	5.337	7.313	6.123	4.966	3.873	7.483	6.325	5.213	4.379	5.133	4.085	4.185	3.085	3.216	2.165	2.165	7.483	6.325	5.213	4.379	4	5.133	4.085	4.043	4.185	3.202	3.085	2.519	3.216	2.195	2.165	2.128	1.231	1.781	1.231	3.034	3.085	2.074	1.531	2.281	1.097	0	1.053	2.165	1.231	1.231	0.5858	1.531	2.519	4
6.007	4.707	6.581	5.421	4.292	3.229	6.633	5.484	4.372	3.574	4.251	3.202	3.334	2.185	2.323	1.181	1.625	6.633	5.484	4.372	3.574	3.486	4.251	3.202	3.12	3.334	2.429	2.185	2.037	2.323	1.481	1.181	1.38	0.879	1.764	1.764	2.136	2.087	1.156	1.181	1.704	0.7507	1.053	0	1.625	1.42	2.087	1.317	2.465	3.364	4.899
5.657	4.472	6.928	6	5.099	4.243	6.928	6	5.099	4.243	4.899	4	4.243	3.162	2.828	2	8.882e-16	6.928	6	5.099	4.243	4.472	4.899	4	3.742	4.243	3.486	3.162	3.464	2.828	2.577	2	2.753	2.449	3.162	3.162	3.009	2.449	2.037	2	3.009	2.248	2.165	1.625	0	1.414	2.449	2.449	3.464	3.464	5.292
6.403	5	7.55	6.403	5.385	4.583	7.616	6.481	5.477	4.472	5.477	4.379	4.69	3.464	3.162	2.449	1.414	7.616	6.481	5.477	4.472	4.243	5.477	4.379	4.243	4.69	3.574	3.464	3.162	3.162	2.453	2.449	2.753	2	2.449	2.449	3.325	3.162	2.185	1.414	3.009	1.748	1.231	1.42	1.414	0	1.414	1.414	2.449	2.449	4.243
7.071	5.831	8.124	7.071	6	4.899	8.367	7.348	6.325	5.477	6.164	5.213	5.292	4.243	4.243	3.162	2.449	8.367	7.348	6.325	5.477	5.099	6.164	5.213	5.099	5.292	4.372	4.243	3.742	4.243	3.314	3.162	3.309	2.449	2.828	2	4.13	4	3.12	2.449	3.325	2.248	1.231	2.087	2.449	1.414	0	1.414	1.414	1.414	3.162
6.403	5	7.071	5.831	4.69	3.742	7.348	6.164	5.099	4.243	5.099	4.043	4.243	3.162	3.162	2.449	2.449	7.348	6.164	5.099	4.243	3.742	5.099	4.043	4	4.243	3.12	3.162	2.449	3.162	2.087	2.449	2.224	1.414	1.414	1.414	3.009	3.162	2.087	1.414	2.248	1.027	0.5858	1.317	2.449	1.414	1.414	0	1.414	2.449	3.742
7.071	5.831	7.681	6.557	5.385	4.123	8.246	7.211	6.164	5.477	6	5.133	5.099	4.243	4.472	3.464	3.464	8.246	7.211	6.164	5.477	4.899	6	5.133	5.099	5.099	4.251	4.243	3.464	4.472	3.364	3.464	3.212	2.449	2.449	1.414	4.13	4.243	3.364	2.828	3.009	2.248	1.531	2.465	3.464	2.449	1.414	1.414	0	2	2.828
7.071	5.831	8.66	7.681	6.708	5.745	9.165	8.246	7.348	6.481	7.211	6.325	6.481	5.477	5.292	4.472	3.464	9.165	8.246	7.348	6.481	6	7.211	6.325	6.164	6.481	5.484	5.477	4.899	5.292	4.395	4.472	4.559	3.742	3.742	3.162	5.247	5.099	4.251	3.464	4.419	3.395	2.519	3.364	3.464	2.449	1.414	2.449	2	0	2
7.071	5.831	8.66	7.681	6.708	5.745	10	9.165	8.367	7.616	8.246	7.483	7.616	6.782	6.633	6	5.292	10	9.165	8.367	7.616	6.928	8.246	7.483	7.348	7.616	6.633	6.782	6	6.633	5.657	6	5.831	5.099	4.69	4.243	6.481	6.481	5.657	4.899	5.477	4.69	4	4.899	5.292	4.243	3.162	3.742	2.828	2	0
Best fits
0 2 0.000000
0 6 0.000000
0 17 0.000000
1 3 0.000000
1 7 0.000000
Worst fits
6 50 10.000000
17 50 10.000000
6 49 9.165151
17 49 9.165151
7 50 9.165151
Graph 1 ==================================
0.0000		2.0000		0.0000		2.0000		3.1623		4.2426		
0.0000		2.0000		3.1623		4.1231		2.8284		3.9569		
4.2426		5.0000		4.4721		5.6569		5.6569		0.0000		
2.0000		3.1623		4.1231		5.0990		2.8284		3.9569		
3.6056		4.2426		4.7677		5.0000		5.8310		4.4721		
5.2260		5.6569		5.6217		6.4031		5.8310		7.0711		
4.4659		4.2426		5.1371		5.8310		5.1167		5.8665		
6.6697		6.0068		5.6569		6.4031		7.0711		6.4031		
7.0711		7.0711		7.0711		
Graph 2 ==================================
2.0000		0.0000		2.0000		0.0000		1.4142		3.1623		
2.0000		0.0000		1.4142		2.2361		2.0000		2.4495		
3.1623		3.6056		2.8284		4.4721		4.4721		2.0000		
0.0000		1.4142		2.2361		3.1623		2.0000		2.4495		
2.2361		3.1623		3.1703		3.6056		4.2426		2.8284		
3.6588		4.4721		4.2887		5.0000		4.2426		5.8310		
3.0777		3.1623		3.7026		4.2426		3.9634		4.4659		
5.3372		4.7071		4.4721		5.0000		5.8310		5.0000		
5.8310		5.8310		5.8310		
Graph 3 ==================================
0.0000		2.0000		0.0000		2.0000		3.1623		4.2426		
0.0000		2.0000		3.1623		4.2426		2.8284		4.0000		
4.2426		5.0990		4.8990		6.0000		6.9282		0.0000		
2.0000		3.1623		4.2426		5.1962		2.8284		4.0000		
3.7417		4.2426		4.8714		5.0990		5.9161		4.8990		
5.5956		6.0000		5.7891		6.7082		6.1644		7.3485		
4.6748		4.6904		5.6330		6.5574		5.3000		6.3317		
7.3134		6.5811		6.9282		7.5498		8.1240		7.0711		
7.6811		8.6603		8.6603		
Graph 4 ==================================
2.0000		0.0000		2.0000		0.0000		1.4142		3.1623		
2.0000		0.0000		1.4142		2.4495		2.0000		2.5186		
3.1623		3.7417		3.4641		4.8990		6.0000		2.0000		
0.0000		1.4142		2.4495		3.3166		2.0000		2.5186		
2.4495		3.1623		3.3242		3.7417		4.3589		3.4641		
4.1697		4.8990		4.5059		5.3852		4.6904		6.1644		
3.3737		3.7417		4.3647		5.1962		4.1974		5.0614		
6.1225		5.4209		6.0000		6.4031		7.0711		5.8310		
6.5574		7.6811		7.6811		
Graph 5 ==================================
3.1623		1.4142		3.1623		1.4142		0.0000		2.0000		
3.1623		1.4142		0.0000		1.4142		1.4142		1.2307		
2.0000		2.4495		2.4495		3.7417		5.0990		3.1623		
1.4142		0.0000		1.4142		2.2361		1.4142		1.2307		
1.4142		2.0000		2.0219		2.4495		3.0000		2.4495		
3.0077		3.7417		3.2344		4.1231		3.4641		4.8990		
2.2158		2.8284		3.2727		4.1231		3.0242		3.8918		
4.9656		4.2923		5.0990		5.3852		6.0000		4.6904		
5.3852		6.7082		6.7082		
Graph 6 ==================================
4.2426		3.1623		4.2426		3.1623		2.0000		0.0000		
4.2426		3.1623		2.0000		2.4495		1.4142		1.2307		
0.0000		1.4142		2.4495		2.4495		4.2426		4.2426		
3.1623		2.0000		2.4495		3.0000		1.4142		1.2307		
1.4142		0.0000		1.6863		1.4142		2.2361		2.4495		
2.5081		2.4495		1.9973		3.0000		2.8284		3.4641		
1.5613		2.0000		2.5904		3.6056		1.6352		2.9451		
3.8730		3.2286		4.2426		4.5826		4.8990		3.7417		
4.1231		5.7446		5.7446		
Graph 7 ==================================
0.0000		2.0000		0.0000		2.0000		3.1623		4.2426		
0.0000		2.0000		3.1623		4.2426		2.8284		4.0000		
4.2426		5.0990		4.8990		6.0000		6.9282		0.0000		
2.0000		3.1623		4.2426		5.2915		2.8284		4.0000		
3.7417		4.2426		4.8990		5.0990		6.0000		4.8990		
5.6569		6.0000		5.8310		6.7823		6.4807		7.6158		
4.6904		4.6904		5.6569		6.6332		5.4772		6.4807		
7.4833		6.6332		6.9282		7.6158		8.3666		7.3485		
8.2462		9.1652		10.0000		
Graph 8 ==================================
2.0000		0.0000		2.0000		0.0000		1.4142		3.1623		
2.0000		0.0000		1.4142		2.4495		2.0000		2.5186		
3.1623		3.7417		3.4641		4.8990		6.0000		2.0000		
0.0000		1.4142		2.4495		3.4641		2.0000		2.5186		
2.4495		3.1623		3.3645		3.7417		4.4721		3.4641		
4.2515		4.8990		4.5595		5.4772		5.0990		6.4807		
3.3953		3.7417		4.3954		5.2915		4.4190		5.2467		
6.3246		5.4841		6.0000		6.4807		7.3485		6.1644		
7.2111		8.2462		9.1652		
Graph 9 ==================================
3.1623		1.4142		3.1623		1.4142		0.0000		2.0000		
3.1623		1.4142		0.0000		1.4142		1.4142		1.2307		
2.0000		2.4495		2.4495		3.7417		5.0990		3.1623		
1.4142		0.0000		1.4142		2.4495		1.4142		1.2307		
1.4142		2.0000		2.0874		2.4495		3.1623		2.4495		
3.1201		3.7417		3.3087		4.2426		4.0000		5.2915		
2.2485		2.8284		3.3135		4.2426		3.3250		4.1299		
5.2126		4.3718		5.0990		5.4772		6.3246		5.0990		
6.1644		7.3485		8.3666		
Graph 10 ==================================
4.1231		2.2361		4.2426		2.4495		1.4142		2.4495		
4.2426		2.4495		1.4142		0.0000		2.4495		1.2307		
2.4495		2.0000		1.4142		3.1623		4.2426		4.2426		
2.4495		1.4142		0.0000		1.4142		2.4495		1.2307		
1.4142		2.4495		1.4202		2.0000		2.4495		1.4142		
2.1846		3.1623		2.7528		3.4641		3.1623		4.6904		
1.7481		2.4495		2.4530		3.1623		3.0093		3.3250		
4.3785		3.5739		4.2426		4.4721		5.4772		4.2426		
5.4772		6.4807		7.6158		
Graph 11 ==================================
2.8284		2.0000		2.8284		2.0000		1.4142		1.4142		
2.8284		2.0000		1.4142		2.4495		0.0000		1.5307		
1.4142		2.4495		2.8284		3.4641		4.8990		2.8284		
2.0000		1.4142		2.4495		3.4641		0.0000		1.5307		
1.4142		1.4142		2.4648		2.4495		3.4641		2.8284		
3.3645		3.4641		3.2120		4.2426		4.2426		5.0990		
2.2485		2.4495		3.3645		4.4721		3.0093		4.1299		
5.1326		4.2515		4.8990		5.4772		6.1644		5.0990		
6.0000		7.2111		8.2462		
Graph 12 ==================================
3.9569		2.4495		4.0000		2.5186		1.2307		1.2307		
4.0000		2.5186		1.2307		1.2307		1.5307		0.0000		
1.2307		1.2307		1.5307		2.5186		4.0000		4.0000		
2.5186		1.2307		1.2307		2.1648		1.5307		0.0000		
0.5858		1.2307		1.0530		1.2307		2.1648		1.5307		
2.0741		2.5186		2.1278		3.0846		3.0846		4.1851		
1.0970		1.7809		2.1948		3.2161		2.2811		3.0337		
4.0849		3.2016		4.0000		4.3785		5.2126		4.0427		
5.1326		6.3246		7.4833		
Graph 13 ==================================
4.2426		3.1623		4.2426		3.1623		2.0000		0.0000		
4.2426		3.1623		2.0000		2.4495		1.4142		1.2307		
0.0000		1.4142		2.4495		2.4495		4.2426		4.2426		
3.1623		2.0000		2.4495		3.1623		1.4142		1.2307		
1.4142		0.0000		1.7643		1.4142		2.4495		2.4495		
2.6419		2.4495		2.1155		3.1623		3.4641		4.0000		
1.6074		2.0000		2.6419		3.7417		2.1409		3.2532		
4.1851		3.3336		4.2426		4.6904		5.2915		4.2426		
5.0990		6.4807		7.6158		
Graph 14 ==================================
5.0000		3.6056		5.0990		3.7417		2.4495		1.4142		
5.0990		3.7417		2.4495		2.0000		2.4495		1.2307		
1.4142		0.0000		1.4142		1.4142		3.1623		5.0990		
3.7417		2.4495		2.0000		2.4495		2.4495		1.2307		
1.4142		1.4142		0.8790		0.0000		1.4142		1.4142		
1.4202		1.4142		1.0515		2.0000		2.4495		3.1623		
0.7639		1.4142		1.4202		2.4495		1.6074		2.1409		
3.0846		2.1846		3.1623		3.4641		4.2426		3.1623		
4.2426		5.4772		6.7823		
Graph 15 ==================================
4.4721		2.8284		4.8990		3.4641		2.4495		2.4495		
4.8990		3.4641		2.4495		1.4142		2.8284		1.5307		
2.4495		1.4142		0.0000		2.0000		2.8284		4.8990		
3.4641		2.4495		1.4142		2.0000		2.8284		1.5307		
1.4142		2.4495		1.1810		1.4142		2.0000		0.0000		
1.1810		2.0000		1.8915		2.4495		2.4495		3.7417		
1.0275		1.4142		1.1810		2.0000		2.2485		2.2485		
3.2161		2.3227		2.8284		3.1623		4.2426		3.1623		
4.4721		5.2915		6.6332		
Graph 16 ==================================
5.6569		4.4721		6.0000		4.8990		3.7417		2.4495		
6.0000		4.8990		3.7417		3.1623		3.4641		2.5186		
2.4495		1.4142		2.0000		0.0000		2.0000		6.0000		
4.8990		3.7417		3.1623		3.4641		3.4641		2.5186		
2.4495		2.4495		2.0373		1.4142		2.0000		2.0000		
1.6246		0.0000		1.0515		1.4142		2.4495		2.4495		
1.6074		1.4142		1.1810		2.0000		1.6074		1.6074		
2.1648		1.1810		2.0000		2.4495		3.1623		2.4495		
3.4641		4.4721		6.0000		
Graph 17 ==================================
5.6569		4.4721		6.9282		6.0000		5.0990		4.2426		
6.9282		6.0000		5.0990		4.2426		4.8990		4.0000		
4.2426		3.1623		2.8284		2.0000		0.0000		6.9282		
6.0000		5.0990		4.2426		4.4721		4.8990		4.0000		
3.7417		4.2426		3.4857		3.1623		3.4641		2.8284		
2.5767		2.0000		2.7528		2.4495		3.1623		3.1623		
3.0093		2.4495		2.0373		2.0000		3.0093		2.2485		
2.1648		1.6246		0.0000		1.4142		2.4495		2.4495		
3.4641		3.4641		5.2915		
Graph 18 ==================================
0.0000		2.0000		0.0000		2.0000		3.1623		4.2426		
0.0000		2.0000		3.1623		4.2426		2.8284		4.0000		
4.2426		5.0990		4.8990		6.0000		6.9282		0.0000		
2.0000		3.1623		4.2426		5.2915		2.8284		4.0000		
3.7417		4.2426		4.8990		5.0990		6.0000		4.8990		
5.6569		6.0000		5.8310		6.7823		6.4807		7.6158		
4.6904		4.6904		5.6569		6.6332		5.4772		6.4807		
7.4833		6.6332		6.9282		7.6158		8.3666		7.3485		
8.2462		9.1652		10.0000		
Graph 19 ==================================
2.0000		0.0000		2.0000		0.0000		1.4142		3.1623		
2.0000		0.0000		1.4142		2.4495		2.0000		2.5186		
3.1623		3.7417		3.4641		4.8990		6.0000		2.0000		
0.0000		1.4142		2.4495		3.4641		2.0000		2.5186		
2.4495		3.1623		3.3645		3.7417		4.4721		3.4641		
4.2515		4.8990		4.5595		5.4772		5.0990		6.4807		
3.3953		3.7417		4.3954		5.2915		4.4190		5.2467		
6.3246		5.4841		6.0000		6.4807		7.3485		6.1644		
7.2111		8.2462		9.1652		
Graph 20 ==================================
3.1623		1.4142		3.1623		1.4142		0.0000		2.0000		
3.1623		1.4142		0.0000		1.4142		1.4142		1.2307		
2.0000		2.4495		2.4495		3.7417		5.0990		3.1623		
1.4142		0.0000		1.4142		2.4495		1.4142		1.2307		
1.4142		2.0000		2.0874		2.4495		3.1623		2.4495		
3.1201		3.7417		3.3087		4.2426		4.0000		5.2915		
2.2485		2.8284		3.3135		4.2426		3.3250		4.1299		
5.2126		4.3718		5.0990		5.4772		6.3246		5.0990		
6.1644		7.3485		8.3666		
Graph 21 ==================================
4.1231		2.2361		4.2426		2.4495		1.4142		2.4495		
4.2426		2.4495		1.4142		0.0000		2.4495		1.2307		
2.4495		2.0000		1.4142		3.1623		4.2426		4.2426		
2.4495		1.4142		0.0000		1.4142		2.4495		1.2307		
1.4142		2.4495		1.4202		2.0000		2.4495		1.4142		
2.1846		3.1623		2.7528		3.4641		3.1623		4.6904		
1.7481		2.4495		2.4530		3.1623		3.0093		3.3250		
4.3785		3.5739		4.2426		4.4721		5.4772		4.2426		
5.4772		6.4807		7.6158		
Graph 22 ==================================
5.0990		3.1623		5.1962		3.3166		2.2361		3.0000		
5.2915		3.4641		2.4495		1.4142		3.4641		2.1648		
3.1623		2.4495		2.0000		3.4641		4.4721		5.2915		
3.4641		2.4495		1.4142		0.0000		3.4641		2.1648		
2.4495		3.1623		1.6246		2.4495		2.0000		2.0000		
2.0373		3.4641		2.7528		3.1623		2.4495		4.2426		
2.2485		3.1623		2.5767		2.8284		3.0093		3.0093		
4.0000		3.4857		4.4721		4.2426		5.0990		3.7417		
4.8990		6.0000		6.9282		
Graph 23 ==================================
2.8284		2.0000		2.8284		2.0000		1.4142		1.4142		
2.8284		2.0000		1.4142		2.4495		0.0000		1.5307		
1.4142		2.4495		2.8284		3.4641		4.8990		2.8284		
2.0000		1.4142		2.4495		3.4641		0.0000		1.5307		
1.4142		1.4142		2.4648		2.4495		3.4641		2.8284		
3.3645		3.4641		3.2120		4.2426		4.2426		5.0990		
2.2485		2.4495		3.3645		4.4721		3.0093		4.1299		
5.1326		4.2515		4.8990		5.4772		6.1644		5.0990		
6.0000		7.2111		8.2462		
Graph 24 ==================================
3.9569		2.4495		4.0000		2.5186		1.2307		1.2307		
4.0000		2.5186		1.2307		1.2307		1.5307		0.0000		
1.2307		1.2307		1.5307		2.5186		4.0000		4.0000		
2.5186		1.2307		1.2307		2.1648		1.5307		0.0000		
0.5858		1.2307		1.0530		1.2307		2.1648		1.5307		
2.0741		2.5186		2.1278		3.0846		3.0846		4.1851		
1.0970		1.7809		2.1948		3.2161		2.2811		3.0337		
4.0849		3.2016		4.0000		4.3785		5.2126		4.0427		
5.1326		6.3246		7.4833		
Graph 25 ==================================
3.6056		2.2361		3.7417		2.4495		1.4142		1.4142		
3.7417		2.4495		1.4142		1.4142		1.4142		0.5858		
1.4142		1.4142		1.4142		2.4495		3.7417		3.7417		
2.4495		1.4142		1.4142		2.4495		1.4142		0.5858		
0.0000		1.4142		1.3172		1.4142		2.4495		1.4142		
2.0874		2.4495		2.2242		3.1623		3.1623		4.2426		
1.0275		1.4142		2.0874		3.1623		2.2485		3.0093		
4.0427		3.1201		3.7417		4.2426		5.0990		4.0000		
5.0990		6.1644		7.3485		
Graph 26 ==================================
4.2426		3.1623		4.2426		3.1623		2.0000		0.0000		
4.2426		3.1623		2.0000		2.4495		1.4142		1.2307		
0.0000		1.4142		2.4495		2.4495		4.2426		4.2426		
3.1623		2.0000		2.4495		3.1623		1.4142		1.2307		
1.4142		0.0000		1.7643		1.4142		2.4495		2.4495		
2.6419		2.4495		2.1155		3.1623		3.4641		4.0000		
1.6074		2.0000		2.6419		3.7417		2.1409		3.2532		
4.1851		3.3336		4.2426		4.6904		5.2915		4.2426		
5.0990		6.4807		7.6158		
Graph 27 ==================================
4.7677		3.1703		4.8714		3.3242		2.0219		1.6863		
4.8990		3.3645		2.0874		1.4202		2.4648		1.0530		
1.7643		0.8790		1.1810		2.0373		3.4857		4.8990		
3.3645		2.0874		1.4202		1.6246		2.4648		1.0530		
1.3172		1.7643		0.0000		0.8790		1.1810		1.1810		
1.1560		2.0373		1.3796		2.1846		2.0874		3.3336		
0.7507		1.7643		1.4811		2.3227		1.7040		2.1363		
3.2016		2.4286		3.4857		3.5739		4.3718		3.1201		
4.2515		5.4841		6.6332		
Graph 28 ==================================
5.0000		3.6056		5.0990		3.7417		2.4495		1.4142		
5.0990		3.7417		2.4495		2.0000		2.4495		1.2307		
1.4142		0.0000		1.4142		1.4142		3.1623		5.0990		
3.7417		2.4495		2.0000		2.4495		2.4495		1.2307		
1.4142		1.4142		0.8790		0.0000		1.4142		1.4142		
1.4202		1.4142		1.0515		2.0000		2.4495		3.1623		
0.7639		1.4142		1.4202		2.4495		1.6074		2.1409		
3.0846		2.1846		3.1623		3.4641		4.2426		3.1623		
4.2426		5.4772		6.7823		
Graph 29 ==================================
5.8310		4.2426		5.9161		4.3589		3.0000		2.2361		
6.0000		4.4721		3.1623		2.4495		3.4641		2.1648		
2.4495		1.4142		2.0000		2.0000		3.4641		6.0000		
4.4721		3.1623		2.4495		2.0000		3.4641		2.1648		
2.4495		2.4495		1.1810		1.4142		0.0000		2.0000		
1.1810		2.0000		1.0515		1.4142		1.4142		2.4495		
1.6074		2.4495		1.6246		2.0000		1.6074		1.6074		
2.5186		2.0373		3.4641		3.1623		3.7417		2.4495		
3.4641		4.8990		6.0000		
Graph 30 ==================================
4.4721		2.8284		4.8990		3.4641		2.4495		2.4495		
4.8990		3.4641		2.4495		1.4142		2.8284		1.5307		
2.4495		1.4142		0.0000		2.0000		2.8284		4.8990		
3.4641		2.4495		1.4142		2.0000		2.8284		1.5307		
1.4142		2.4495		1.1810		1.4142		2.0000		0.0000		
1.1810		2.0000		1.8915		2.4495		2.4495		3.7417		
1.0275		1.4142		1.1810		2.0000		2.2485		2.2485		
3.2161		2.3227		2.8284		3.1623		4.2426		3.1623		
4.4721		5.2915		6.6332		
Graph 31 ==================================
5.2260		3.6588		5.5956		4.1697		3.0077		2.5081		
5.6569		4.2515		3.1201		2.1846		3.3645		2.0741		
2.6419		1.4202		1.1810		1.6246		2.5767		5.6569		
4.2515		3.1201		2.1846		2.0373		3.3645		2.0741		
2.0874		2.6419		1.1560		1.4202		1.1810		1.1810		
0.0000		1.6246		1.1379		1.4202		1.3172		2.6419		
1.1544		1.7261		0.6222		1.1810		1.5150		1.1544		
2.1948		1.4811		2.5767		2.4530		3.3135		2.0874		
3.3645		4.3954		5.6569		
Graph 32 ==================================
5.6569		4.4721		6.0000		4.8990		3.7417		2.4495		
6.0000		4.8990		3.7417		3.1623		3.4641		2.5186		
2.4495		1.4142		2.0000		0.0000		2.0000		6.0000		
4.8990		3.7417		3.1623		3.4641		3.4641		2.5186		
2.4495		2.4495		2.0373		1.4142		2.0000		2.0000		
1.6246		0.0000		1.0515		1.4142		2.4495		2.4495		
1.6074		1.4142		1.1810		2.0000		1.6074		1.6074		
2.1648		1.1810		2.0000		2.4495		3.1623		2.4495		
3.4641		4.4721		6.0000		
Graph 33 ==================================
5.6217		4.2887		5.7891		4.5059		3.2344		1.9973		
5.8310		4.5595		3.3087		2.7528		3.2120		2.1278		
2.1155		1.0515		1.8915		1.0515		2.7528		5.8310		
4.5595		3.3087		2.7528		2.7528		3.2120		2.1278		
2.2242		2.1155		1.3796		1.0515		1.0515		1.8915		
1.1379		1.0515		0.0000		1.0515		1.7168		2.1155		
1.2523		1.7168		1.1379		1.8915		0.9684		1.2523		
2.1278		1.3796		2.7528		2.7528		3.3087		2.2242		
3.2120		4.5595		5.8310		
Graph 34 ==================================
6.4031		5.0000		6.7082		5.3852		4.1231		3.0000		
6.7823		5.4772		4.2426		3.4641		4.2426		3.0846		
3.1623		2.0000		2.4495		1.4142		2.4495		6.7823		
5.4772		4.2426		3.4641		3.1623		4.2426		3.0846		
3.1623		3.1623		2.1846		2.0000		1.4142		2.4495		
1.4202		1.4142		1.0515		0.0000		1.4142		1.4142		
2.1409		2.4495		1.4202		1.4142		1.6074		0.7639		
1.2307		0.8790		2.4495		2.0000		2.4495		1.4142		
2.4495		3.7417		5.0990		
Graph 35 ==================================
5.8310		4.2426		6.1644		4.6904		3.4641		2.8284		
6.4807		5.0990		4.0000		3.1623		4.2426		3.0846		
3.4641		2.4495		2.4495		2.4495		3.1623		6.4807		
5.0990		4.0000		3.1623		2.4495		4.2426		3.0846		
3.1623		3.4641		2.0874		2.4495		1.4142		2.4495		
1.3172		2.4495		1.7168		1.4142		0.0000		2.0000		
2.2485		2.8284		1.7261		1.4142		1.7481		1.0275		
1.7809		1.7643		3.1623		2.4495		2.8284		1.4142		
2.4495		3.7417		4.6904		
Graph 36 ==================================
7.0711		5.8310		7.3485		6.1644		4.8990		3.4641		
7.6158		6.4807		5.2915		4.6904		5.0990		4.1851		
4.0000		3.1623		3.7417		2.4495		3.1623		7.6158		
6.4807		5.2915		4.6904		4.2426		5.0990		4.1851		
4.2426		4.0000		3.3336		3.1623		2.4495		3.7417		
2.6419		2.4495		2.1155		1.4142		2.0000		0.0000		
3.2532		3.4641		2.6419		2.4495		2.1409		1.6074		
1.2307		1.7643		3.1623		2.4495		2.0000		1.4142		
1.4142		3.1623		4.2426		
Graph 37 ==================================
4.4659		3.0777		4.6748		3.3737		2.2158		1.5613		
4.6904		3.3953		2.2485		1.7481		2.2485		1.0970		
1.6074		0.7639		1.0275		1.6074		3.0093		4.6904		
3.3953		2.2485		1.7481		2.2485		2.2485		1.0970		
1.0275		1.6074		0.7507		0.7639		1.6074		1.0275		
1.1544		1.6074		1.2523		2.1409		2.2485		3.2532		
0.0000		1.0275		1.1544		2.2485		1.4142		2.0000		
3.0337		2.1363		3.0093		3.3250		4.1299		3.0093		
4.1299		5.2467		6.4807		
Graph 38 ==================================
4.2426		3.1623		4.6904		3.7417		2.8284		2.0000		
4.6904		3.7417		2.8284		2.4495		2.4495		1.7809		
2.0000		1.4142		1.4142		1.4142		2.4495		4.6904		
3.7417		2.8284		2.4495		3.1623		2.4495		1.7809		
1.4142		2.0000		1.7643		1.4142		2.4495		1.4142		
1.7261		1.4142		1.7168		2.4495		2.8284		3.4641		
1.0275		0.0000		1.3172		2.4495		1.7481		2.2485		
3.0846		2.0874		2.4495		3.1623		4.0000		3.1623		
4.2426		5.0990		6.4807		
Graph 39 ==================================
5.1371		3.7026		5.6330		4.3647		3.2727		2.5904		
5.6569		4.3954		3.3135		2.4530		3.3645		2.1948		
2.6419		1.4202		1.1810		1.1810		2.0373		5.6569		
4.3954		3.3135		2.4530		2.5767		3.3645		2.1948		
2.0874		2.6419		1.4811		1.4202		1.6246		1.1810		
0.6222		1.1810		1.1379		1.4202		1.7261		2.6419		
1.1544		1.3172		0.0000		1.1810		1.5150		1.1544		
2.0741		1.1560		2.0373		2.1846		3.1201		2.0874		
3.3645		4.2515		5.6569		
Graph 40 ==================================
5.8310		4.2426		6.5574		5.1962		4.1231		3.6056		
6.6332		5.2915		4.2426		3.1623		4.4721		3.2161		
3.7417		2.4495		2.0000		2.0000		2.0000		6.6332		
5.2915		4.2426		3.1623		2.8284		4.4721		3.2161		
3.1623		3.7417		2.3227		2.4495		2.0000		2.0000		
1.1810		2.0000		1.8915		1.4142		1.4142		2.4495		
2.2485		2.4495		1.1810		0.0000		2.2485		1.0275		
1.5307		1.1810		2.0000		1.4142		2.4495		1.4142		
2.8284		3.4641		4.8990		
Graph 41 ==================================
5.1167		3.9634		5.3000		4.1974		3.0242		1.6352		
5.4772		4.4190		3.3250		3.0093		3.0093		2.2811		
2.1409		1.6074		2.2485		1.6074		3.0093		5.4772		
4.4190		3.3250		3.0093		3.0093		3.0093		2.2811		
2.2485		2.1409		1.7040		1.6074		1.6074		2.2485		
1.5150		1.6074		0.9684		1.6074		1.7481		2.1409		
1.4142		1.7481		1.5150		2.2485		0.0000		1.4142		
2.2811		1.7040		3.0093		3.0093		3.3250		2.2485		
3.0093		4.4190		5.4772		
Graph 42 ==================================
5.8665		4.4659		6.3317		5.0614		3.8918		2.9451		
6.4807		5.2467		4.1299		3.3250		4.1299		3.0337		
3.2532		2.1409		2.2485		1.6074		2.2485		6.4807		
5.2467		4.1299		3.3250		3.0093		4.1299		3.0337		
3.0093		3.2532		2.1363		2.1409		1.6074		2.2485		
1.1544		1.6074		1.2523		0.7639		1.0275		1.6074		
2.0000		2.2485		1.1544		1.0275		1.4142		0.0000		
1.0970		0.7507		2.2485		1.7481		2.2485		1.0275		
2.2485		3.3953		4.6904		
Graph 43 ==================================
6.6697		5.3372		7.3134		6.1225		4.9656		3.8730		
7.4833		6.3246		5.2126		4.3785		5.1326		4.0849		
4.1851		3.0846		3.2161		2.1648		2.1648		7.4833		
6.3246		5.2126		4.3785		4.0000		5.1326		4.0849		
4.0427		4.1851		3.2016		3.0846		2.5186		3.2161		
2.1948		2.1648		2.1278		1.2307		1.7809		1.2307		
3.0337		3.0846		2.0741		1.5307		2.2811		1.0970		
0.0000		1.0530		2.1648		1.2307		1.2307		0.5858		
1.5307		2.5186		4.0000		
Graph 44 ==================================
6.0068		4.7071		6.5811		5.4209		4.2923		3.2286		
6.6332		5.4841		4.3718		3.5739		4.2515		3.2016		
3.3336		2.1846		2.3227		1.1810		1.6246		6.6332		
5.4841		4.3718		3.5739		3.4857		4.2515		3.2016		
3.1201		3.3336		2.4286		2.1846		2.0373		2.3227		
1.4811		1.1810		1.3796		0.8790		1.7643		1.7643		
2.1363		2.0874		1.1560		1.1810		1.7040		0.7507		
1.0530		0.0000		1.6246		1.4202		2.0874		1.3172		
2.4648		3.3645		4.8990		
Graph 45 ==================================
5.6569		4.4721		6.9282		6.0000		5.0990		4.2426		
6.9282		6.0000		5.0990		4.2426		4.8990		4.0000		
4.2426		3.1623		2.8284		2.0000		0.0000		6.9282		
6.0000		5.0990		4.2426		4.4721		4.8990		4.0000		
3.7417		4.2426		3.4857		3.1623		3.4641		2.8284		
2.5767		2.0000		2.7528		2.4495		3.1623		3.1623		
3.0093		2.4495		2.0373		2.0000		3.0093		2.2485		
2.1648		1.6246		0.0000		1.4142		2.4495		2.4495		
3.4641		3.4641		5.2915		
Graph 46 ==================================
6.4031		5.0000		7.5498		6.4031		5.3852		4.5826		
7.6158		6.4807		5.4772		4.4721		5.4772		4.3785		
4.6904		3.4641		3.1623		2.4495		1.4142		7.6158		
6.4807		5.4772		4.4721		4.2426		5.4772		4.3785		
4.2426		4.6904		3.5739		3.4641		3.1623		3.1623		
2.4530		2.4495		2.7528		2.0000		2.4495		2.4495		
3.3250		3.1623		2.1846		1.4142		3.0093		1.7481		
1.2307		1.4202		1.4142		0.0000		1.4142		1.4142		
2.4495		2.4495		4.2426		
Graph 47 ==================================
7.0711		5.8310		8.1240		7.0711		6.0000		4.8990		
8.3666		7.3485		6.3246		5.4772		6.1644		5.2126		
5.2915		4.2426		4.2426		3.1623		2.4495		8.3666		
7.3485		6.3246		5.4772		5.0990		6.1644		5.2126		
5.0990		5.2915		4.3718		4.2426		3.7417		4.2426		
3.3135		3.1623		3.3087		2.4495		2.8284		2.0000		
4.1299		4.0000		3.1201		2.4495		3.3250		2.2485		
1.2307		2.0874		2.4495		1.4142		0.0000		1.4142		
1.4142		1.4142		3.1623		
Graph 48 ==================================
6.4031		5.0000		7.0711		5.8310		4.6904		3.7417		
7.3485		6.1644		5.0990		4.2426		5.0990		4.0427		
4.2426		3.1623		3.1623		2.4495		2.4495		7.3485		
6.1644		5.0990		4.2426		3.7417		5.0990		4.0427		
4.0000		4.2426		3.1201		3.1623		2.4495		3.1623		
2.0874		2.4495		2.2242		1.4142		1.4142		1.4142		
3.0093		3.1623		2.0874		1.4142		2.2485		1.0275		
0.5858		1.3172		2.4495		1.4142		1.4142		0.0000		
1.4142		2.4495		3.7417		
Graph 49 ==================================
7.0711		5.8310		7.6811		6.5574		5.3852		4.1231		
8.2462		7.2111		6.1644		5.4772		6.0000		5.1326		
5.0990		4.2426		4.4721		3.4641		3.4641		8.2462		
7.2111		6.1644		5.4772		4.8990		6.0000		5.1326		
5.0990		5.0990		4.2515		4.2426		3.4641		4.4721		
3.3645		3.4641		3.2120		2.4495		2.4495		1.4142		
4.1299		4.2426		3.3645		2.8284		3.0093		2.2485		
1.5307		2.4648		3.4641		2.4495		1.4142		1.4142		
0.0000		2.0000		2.8284		
Graph 50 ==================================
7.0711		5.8310		8.6603		7.6811		6.7082		5.7446		
9.1652		8.2462		7.3485		6.4807		7.2111		6.3246		
6.4807		5.4772		5.2915		4.4721		3.4641		9.1652		
8.2462		7.3485		6.4807		6.0000		7.2111		6.3246		
6.1644		6.4807		5.4841		5.4772		4.8990		5.2915		
4.3954		4.4721		4.5595		3.7417		3.7417		3.1623		
5.2467		5.0990		4.2515		3.4641		4.4190		3.3953		
2.5186		3.3645		3.4641		2.4495		1.4142		2.4495		
2.0000		0.0000		2.0000		
Graph 51 ==================================
7.0711		5.8310		8.6603		7.6811		6.7082		5.7446		
10.0000		9.1652		8.3666		7.6158		8.2462		7.4833		
7.6158		6.7823		6.6332		6.0000		5.2915		10.0000		
9.1652		8.3666		7.6158		6.9282		8.2462		7.4833		
7.3485		7.6158		6.6332		6.7823		6.0000		6.6332		
5.6569		6.0000		5.8310		5.0990		4.6904		4.2426		
6.4807		6.4807		5.6569		4.8990		5.4772		4.6904		
4.0000		4.8990		5.2915		4.2426		3.1623		3.7417		
2.8284		2.0000		0.0000		
